123456789759183426648297315374915268896372154512864973931528647265749831487631592
123456789857923164964817235386241597275639841491578623538764912642195378719382456
123456789759283614486971253342768591891542367567319428935127846278694135614835972
123456789849173256765298431586941372291735648437862915352617894978524163614389527
123456789784913652569827134316598247845271963297634815652149378938765421471382596
123456789496817235587329461864275193359184627712693854631942578978561342245738916
123456789746198532859732146298314675374569821615287394967845213481623957532971468
123456789867239145954781362392567418416928573578143926745692831281375694639814257
123456789475981362869327541654813927791642853382795614938164275516279438247538196
123456789968137524457892136892374651716285493534619872685943217279561348341728965
123456789645987312897312645972863451536124897418579236364291578289735164751648923
123456789456789231897321564631294857984567312275813496362148975518972643749635128
123456789789231654465879231612394578947568123358712946571983462236147895894625317
123456789586279431749381526917542863238967154654813972861734295372195648495628317
123456789584972631769183524456318972238749156917265843841637295372591468695824317
123456789467398512895721463216973845574182936389564271742619358931875624658243197
123456789647893512895127643389645271576281934214739865762914358931578426458362197
123456789489723561756918234865274193941635872237189645318597426672341958594862317
123456789689327541754819236237981465961534872845672193318795624472163958596248317
123456789864279153597318264719864325456732918382195647938521476275643891641987532
123456789846972153597813246382591467654237918719648325938125674275364891461789532
123456789459827631867913245315678924782149563946532817291784356578361492634295178
123456789659728431847319265964235817782961543315874926291687354578143692436592178
123456789764893512985712643316248975572931864498567321857129436641385297239674158
123456789746398512985217463698745321572139846314862975857921634461583297239674158
123456789856719324749328561985673412614285973372194658597831246268947135431562897
123456789854917326769823541372691458416582973985374612597138264248769135631245897
123456789894237651765819324957682143641375892238194567376948215589721436412563978
123456789896732451745918326238691547461573892957284163374869215589127634612345978
123456789796281345845937261619375428432869157578124936257693814984512673361748592
123456789754928631869371425691285347432769518578134296947513862385692174216847953
123456789975183642486972135612837594849521367357649218268395471734218956591764823
123456789746819325598723461359648217867231954412597638981372546275164893634985172
123456789764918325598327641612795438847132956359864217981273564275641893436589172
123456789579832641864719325295647138786321594431598267358164972917283456642975813
123456789579238461846917325631895247784123596295764138358641792917382654462579813
123456789685927134749183526362791845417568293598234617254879361976312458831645972
123456789485729136769381524598632417617845293342197865256978341974213658831564972
123456789758932461964817352571364928392185647486729513835671294619243875247598136
123456789946718523875923641518264397239175468467839152691342875752681934384597216
123456789685719243947382561218597436456831927379264158531928674762143895894675312
123456789984273651657819432371598246465721398298364517836142975512937864749685123
123456789546978312789312465478693251935127648261845937397561824854239176612784593
123456789897213645564987123478692531952138467316745298745329816289561374631874952
123456789945178236687239145592864371471923658368715492736582914259341867814697523
123456789965871234487932165348517692671329458592648371734285916259163847816794523
123456789657893241894127356382671495541389672769542813416735928975268134238914567
123456789457398261896721354749265813561983472382174695614537928975842136238619547
123456789986732451457891326364918572798245613512673948631584297875329164249167538
123456789967238451854197362298564173415723698736819245341975826572681934689342517
123456789745198623986327541379564812451832967862719435538671294214985376697243158
123456789896371254547892136965237418472189365318645927784523691639718542251964873
123456789894173256567298134318564927672981345945732618786325491439817562251649873
123456789764893512895217634319745826587621493642389157258974361976138245431562978
123456789746398512895712436462983157587124693319567824258679341974831265631245978
123456789754819236869237541375681492612945378498723165936572814587194623241368957
123456789756918234849732561698327145412569378375184692934275816587691423261843957
123456789675829431849713526462371895358942617791685342937168254584297163216534978
123456789657398214984271653738645192269137548541829376392714865875963421416582937
123456789589732164746189325275918436394675218618243957961824573852397641437561892
123456789947381562685297134872645913396128457514739826758962341239814675461573298
123456789497328615865179432634795128271834596958612347542961873389547261716283954
123456789594287316768931254472318965359642871816795432285179643937564128641823597
123456789748913265596782413937561824485279631261348957672195348354827196819634572
123456789876921534549378126438217695295643871761895243982564317357189462614732958
123456789697283514548719326254397168786125493931864257875931642362548971419672835
123456789497382516568917324931648257784521693256793148875139462342865971619274835
123456789496872315875391624748613952532947861619528437357169248981234576264785193
123456789694278315875193426419825637532769841768314952357941268981632574246587193
123456789947281653865379241451628937786935124239147568394762815572813496618594372
123456789468197325759832461916745238537289614842613957281374596675921843394568172
123456789489713265567928143871392456352641978694875321915284637238167594746539812
123456789895723641476198325961845237582379164734612598658931472317284956249567813
123456789876329145594718632431967528682135497759842361365291874917684253248573916
123456789549817263768239415412968357637125948895743621981674532256391874374582196
123456789758129634964783125517394862896572341342618957435961278681247593279835416
123456789584739216679182354731698542895274163246513897952361478367845921418927635
123456789758291346964783152492315678815627934376849215547162893239578461681934527
123456789498237165675918423847625931936174258251893674562349817719582346384761592
123456789698732145475819623251398476934671258867524931542963817719285364386147592
123456789857912643694783215369271854248539167571648392435167928986325471712894536
123456789857219463496387215571864392268935147349172856635741928984523671712698534
123456789465897312987231654876912435231745896549368271698123547354679128712584963
123456789645798312987132456569843271231567894874219635498321567356974128712685943
123456789564879321789321645931264578645187293278593164857912436416738952392645817
123456789546978321789123465278395146465781293931642578857219634614837952392564817
123456789897231654456879123641598237789623415235714896514987362968342571372165948
123456789897132456654978123235617894789324615461895237516789342948263571372541968
123456789846972513759831246938214675275368491461597832517689324682143957394725168
123456789864279513759138264641795832275843691938612475517984326482361957396527148
123456789895721436764983152972314865358267941416598273637142598581679324249835617
123456789895127634746389152614895273358742961972613845437261598581974326269538417
123456789569738412847129653415967238392584167678312594984675321751293846236841975
123456789549837612867921453478213596392685147615749238986574321751392864234168975
123456789845379261679182453734691825586723914291845637417568392958234176362917548
123456789865973241479281653291568437584327916736194825617845392958632174342719568
123456789865379241947128635382917456596284317714563892471892563639745128258631974
123456789845973261967821435716345892594682317382719654671298543439567128258134976
123456789796813425854279361568341972937562148241798536675984213389127654412635897
123456789794318625856972341261897534937245168548163972475689213389721456612534897
123456789984137265756289431237918546569374128841562973692845317418793652375621894
123456789986731245754982631861245973549673128237819564492568317618397452375124896
123456789986731542457928316349287651572164938861593274698315427715642893234879165
123456789764198532958327461439561827512873694876249315395614278281735946647982153
123456789865972431974831625398564217417328956652719348731645892286193574549287163
123456789845279631976138425452917368617823954398645217731564892284391576569782143
123456789948721365756983241279564138481237596635819427367192854812645973594378612
123456789968127345754389261435918627681732594279645138347291856812564973596873412
123456789689731542547298136492317658875962413316584927958173264734625891261849375
123456789489137562567892134314685927875249613692713458958371246736524891241968375
123456789584397216697821453439218567758963142261574398842635971975182634316749825
123456789586793214497128653241675398758349162639812547862534971975281436314967825
123456789645987132798321654276538941859174326431269578364815297912743865587692413
123456789465789132798123456631942578859671324274835961346518297912367845587294613
123456789879132645465987213682395471354761928917824356291573864536248197748619532
123456789879231465645789213917628354356147928482593671291375846534862197768914532
123456789456978132798123465637295841245861397981734526562347918319582674874619253
123456789654879132798321645981637524265148397437592861542763918319285476876914253
123456789564897123978213564791564238845372916632189457416728395287935641359641872
123456789789132645645798312532987164971624853468513297396875421214369578857241936
123456789978312654546798312819564237754283196632179548387925461461837925295641873
123456789567893241894712356285341967736928415941567823418639572372185694659274138
123456789786921354549387612472698531631574928958213467894165273215739846367842195
123456789594278163867931524438697251612584397975312648351829476749165832286743915
123456789659287134874931256918745623745362918236198475567829341382614597491573862
123456789658297143974831265819745632745362891236189457567928314481573926392614578
123456789569178243487923516246317958731589624895642371952861437614735892378294165
123456789478912653659387412735691248961824375842735961216543897584279136397168524
123456789479812635658397421735681294861924357942735816216543978387169542594278163
123456789478932516596178342364217958712589634859643271935861427641725893287394165
123456789547918362968723415796341528285679143314582697472865931631297854859134276
123456789567819342948327615316285497285974163794163528672548931431792856859631274
123456789857129346946387125439715268682934571571268934318692457264571893795843612
123456789857921364964783125571842936482639571639517248318294657246175893795368412
123456789675983124489271356342697518851342967967815243736524891218769435594138672
123456789475389126689172354947518263851263947362794518734625891218947635596831472
123456789964278315785139426492815637637924851518367294346581972271693548859742163
123456789946872315785931624518743296437629851692518437364185972271394568859267143
123456789475981632689723541268537194537149826941268375396814257712395468854672913
123456789869237145574189362785391624931624578246875931497562813352718496618943257
123456789698127453475839261837261594261945837954378612516792348382614975749583126
123456789548792613679381542836524971254179368917863254492615837761938425385247196
123456789964728135857193264591867342786342951432519678278934516319685427645271893
123456789649837251857192634435271896712689345986345127564723918378914562291568473
123456789579381426864729531287614953641935278935872164456293817318547692792168345
123456789957183426648792153416925837872631594395847261534219678261378945789564312
123456789957381624468297153395768241872134596614529837536912478241873965789645312
123456789946718325785329461478291536359864172261573948617942853532187694894635217
123456789964817325785923641241375968359648172678192534417269853532781496896534217
123456789896372154457918623239567841614289537785134296962841375541723968378695412
123456789894273156657819423785631294416982537239745861942168375561327948378594612
123456789658297413479831625297615834316948257845372196562789341984163572731524968
123456789458792613679138425865273194314869257297514836542987361986341572731625948
123456789479812563586379142218967354965134278734528916652783491341695827897241635
123456789679218543584973162736825914945631278218749356452387691361594827897162435
123456789498721365675398142389615274261947538754283916947162853536879421812534697
123456789698127345475893162756382914241769538389514276967241853534978621812635497
123456789485197362679328415236581947714639258598742136342875691951264873867913524
123456789698237145457198623362571498841629537579843216915364872234785961786912354
123456789659871234784329561897214653436985172512637948961548327378162495245793816
123456789648729351597831426256398174481567932739142865912683547875214693364975218
123456789468927351597138624739261845681745932254893176912384567875612493346579218
123456789497182635586937241738524916649371852251698374975213468314869527862745193
123456789697281435584739261251894376469173852738625914975312648316948527842567193
123456789596781432748329165485217396619843527237695841972138654351964278864572913
123456789459817623786392154372945861648173295591628437214569378937281546865734912
123456789496871352587392641642587193318924576975163428254639817731248965869715234
123456789495387162786219453831592674679134528254768391948673215317825946562941837
123456789795182436684739125936815274572364918418297563267548391349621857851973642
123456789795281634486937125618792543572643918934518276247865391369124857851379462
123456789647829315859173246962715834538264197471398652294631578386547921715982463
123456789467928315859371264671893452538642197942517836296134578384765921715289643
123456789597182364846937521265398417784521936319764258651279843938645172472813695
123456789597281346864739521319647258786125934245893617451972863938564172672318495
123456789587391246694827135971542863362978514458613927245139678736285491819764352
123456789587193264496728135658314927342879516971265843265931478734582691819647352
123456789958372416647198325734215698895764231261839574512943867376581942489627153
123456789958273614467891325241938576895647231736512498512369847374185962689724153
123456789684197325975283146842315967759864231316729854268571493531942678497638512
123456789486791325975382164314927856759648231862513947248175693531269478697834512
123456789857932146649817352485691273312578964796243815238765491961384527574129638
123456789857239164469718352794362815312875946685194273238547691941683527576921438
123456789746891352859273164617524938584139627392768541938647215465912873271385496
123456789764198352859372146392847561586931427417625938938764215645219873271583694
123456789867193254945827613632981547491675328578234961754312896286749135319568472
123456789847391256965728413578632941691574328432189567756213894284967135319845672
123456789875319426649728135598247361732961548416583972954632817287194653361875294
123456789875913624469827135614385972732149568598762341956234817287691453341578296
123456789984173265567289134275614893418937526639825471342761958851392647796548312
123456789986371245547982136439528671618739524275614893362147958851293467794865312
123456789586379214947182635358614972471928356692735841715293468234861597869547123
123456789584973216967281435492537861671829354358614972715392648236148597849765123
123456789746389521985712436578943162431265897692178345367594218259831674814627953
123456789764983521985217634492871365631542897578369142347695218259138476816724953
123456789794823561865917324241398675589671432637542198952764813316285947478139256
123456789796328541845719326437265198589174632261893475952647813314582967678931254
123456789654987213987321645495278136871639452236514897512863974348792561769145328
123456789465987132879132564234561897586729341791843625357298416948615273612374958
123456789645789132879231546791368425584927361236145897357892614968514273412673958
123456789987231465645978132459387216718629543362514978274893651531762894896145327
123456789798123654456978213342561978567839421819742365974615832285397146631284597
123456789798321456654879213819267345547938621362145978976514832285793164431682597
123456789987321465645789132431965278792138546568247913254813697376594821819672354
123456789879231645654798321982317564531684972467529138396845217718962453245173896
123456789879132465456897321647925138531684972982713546394568217718249653265371894
123456789456879132879213654982631547764985321531724896695347218348162975217598463
123456789465789321798231645872513496631942857954867213347125968219678534586394172
123456789654879213987231645412965837839127456576348192268594371345712968791683524
123456789645897321798321465937218654512674893486539217871963542269745138354182976
123456789465798321798123645684935217512674893937812456871349562249567138356281974
123456789896173452574982316245791863931864527768235941317648295689527134452319678
123456789894371652576289314748532961931648527265197843317864295489725136652913478
123456789548973126769182543354891672912764358876325491697538214281647935435219867
123456789568379124749281563874523691912647358356198472497835216281764935635912847
123456789976128543854739261261347895749581632538692174485263917612974358397815426
123456789974821563856937241538294176769185432241763895685342917412679358397518624
123456789876932145549718623287563491654129837931874256495681372318297564762345918
123456789594817362768923415387562941645139278912784536271398654459671823836245197
123456789857329614964187325476298153392571846518643297685714932749832561231965478
123456789894273615657918243936827154578341926412695837245169378789532461361784592
123456789859732641764918532248691375631875924975243816416389257582167493397524168
123456789846917253795823461374691825612785394958342176537168942461279538289534617
123456789475892136869317524598631472716924853342785961254168397981273645637549218
123456789796218354458793216579621843861934572234875691917382465345167928682549137
123456789976218453458973612597621348861734295234895176682547931345169827719382564
123456789678239145945871362534987216719562438286143597362794851457618923891325674
123456789954781623678329415542978136891563247367142958485617392236894571719235864
123456789754981326698327514542798631871563942369142857917235468236874195485619273
123456789697328154584791623839514276461279538275863941942635817718942365356187492
123456789574892316698317245461978523287531964359624178815249637942763851736185492
123456789679218435548793126416987352387521694295634817934862571751349268862175943
123456789475819263689273451537691842841325976296748315968134527754962138312587694
123456789859271634647983125568317492792648351314592876476825913985134267231769548
123456789648397512795281634379612845582974361461538927914763258237845196856129473
123456789468793512795182436641835927582679341379214865916347258237568194854921673
123456789859371264674298153298613475537984621416527398382745916941862537765139842
123456789859173246476892153614725398537689421298314675382567914961248537745931862
123456789894172653567839214645298371378561492219743568951624837732985146486317925
123456789896271453547938216219367548378145692465892371951624837732589164684713925
123456789586729134749183562654397821278561943391842657832975416915634278467218395
123456789584927136769381542391268457278145963456793821832579614915634278647812395
123456789974831265658792341895217634362948517417563892531674928786129453249385176
123456789675893421948721635759318264236947158481562973867139542512684397394275816
123456789498271356567938241284367915631549827975812634746183592819725463352694178
123456789765389124894127563248761935957234816631895472586913247372548691419672358
123456789648917235597832461869521374752384196314679852935248617476193528281765943
123456789986732154754198236315684972692571843478329561241865397567913428839247615
123456789749138652856279314374861295985324176612795843238547961567912438491683527
123456789897132654645879312764321598389547126512698473958764231471283965236915847
123456789645897312879231564738564921251983476496712853912378645567149238384625197
123456789978312465546798132352987641694135827817264593735849216289671354461523978
123456789798321654654798123872564391315972846469813572586149237931287465247635918
123456789576289314849731526351864972684927135297315468438192657962573841715648293
123456789574982316869137524297513648486729135351648972638291457942375861715864293
123456789567398214894721635659283471382174596471569823718945362946832157235617948
123456789547893216896127435671945823382671594459382671718569342964238157235714968
123456789568973412947182536412538967789624153356719824274865391831297645695341278
123456789548379612967281534354917826789624153612835947276548391831792465495163278
123456789896721543745938216978263451354187962261594378587312694412679835639845127
123456789894127563765839214241695378356781942978342651587213496612974835439568127
123456789985372146674891253316248975742569831859713462491637528237185694568924317
123456789674938521589127643748691235956382174312574968297845316831269457465713892
123456789845729316796183542367914825912835674584267931438591267279648153651372498
123456789678932415594871263869314527412785396357629148985243671236197854741568932
123456789478239615596178243357924168612587394849613527985362471234791856761845932
123456789695782143487319652234597816976138524851264937348675291719823465562941378
123456789495287163687913452851642937974831526236795814368574291719328645542169378
123456789869127435475389621347861952916542378582793146798635214651274893234918567
123456789849721635675983421582397164914265378367148952798534216451672893236819547
123456789794812653658739142576248391389561427412397865937624518841975236265183974
123456789675829413849713562568347921297561348431298675714985236982634157356172894
123456789496827153857193462648512397235789614719634825961375248574268931382941576
123456789785192643469738512674513928352879164891624375548367291916285437237941856
123456789964817532578392164342985671795641328816273945457138296281769453639524817
123456789749182536658397214916245873385971462274863951531729648862534197497618325
123456789479832156568719423257983641341567298896124375912348567685271934734695812
123456789649178235785932614438617592597324168261589347974263851312845976856791423
123456789576819342498723516385972461214568937769134825657381294931247658842695173
123456789894723651657198342571382496286947513439615827968531274312874965745269138
123456789896327451457891362639514827284769513571283694948135276312678945765942138
123456789685197423749832561518273946367948152492615378231784695976521834854369217
123456789485791623769238541692514378347869152518372964231687495974125836856943217
123456789986372154547198236465213978831749562279685341358924617612837495794561823
123456789784239561659817432297648153546321897831795246975164328412983675368572914
123456789674893521895721634389674215417582963562319478941268357258937146736145892
123456789749328651856719234238947165467135892591862347984671523315284976672593418
123456789869173425457289631634921578298547316571368942915834267386792154742615893
123456789769823514584719362876345291952671843431298657218534976345967128697182435
123456789749328516586917342631892457952174863874563291218635974365749128497281635
123456789596871234478293651241687593735129468689534127954768312312945876867312945
123456789594178236678392451489635127735921648261784593956847312312569874847213965
123456789958127364647389512734912658862745193519863247291674835476538921385291476
123456789958721346467983512519348267842567193736219458291674835674835921385192674
123456789478392561569781234314678952852139647697524318231945876945867123786213495
123456789678293541549187236497625318852931467316874952231569874965748123784312695
123456789765839421489217635258761394937584216641392857894173562376925148512648973
123456789497318265856729341375861924982574136614293578268935417749182653531647892
123456789754289316869371452348695127617832594592714863976148235485923671231567948
123456789468973215957821634249317856536248197871569342792184563684735921315692478
123456789849712635765398412496285371531679824278143596312864957984527163657931248
123456789869217435745893612278361594531974826694582371312648957986725143457139268
123456789856297143794813265469375821512689374378142956947538612231764598685921437
123456789854792163796318245378261954512984376649573821967835412231647598485129637
123456789874923615695178243281637594957842136436519872748295361569381427312764958
123456789876329415495871263634915872957268134281734596768592341549183627312647958
123456789476398512958712364264935871835127946791864235517243698342689157689571423
123456789894273156756198423382547691467981532519632874971824365635719248248365917
123456789956837124784921563867293451319564872542178936698712345271345698435689217
123456789865197342749382516237548961486971253591623874652819437918734625374265198
123456789956781243874923156561847932789362415342519678618275394437698521295134867
123456789954187263876329154362915478789243615541768932418572396637894521295631847
123456789695178243847329165978213654432685971561794328316842597754961832289537416
123456789495871263867923145541697328632584971978312456314268597756149832289735614
123456789468793251957128346274931568596284173381675924812367495649512837735849612
123456789945738621678129345751294863832567194496813572287345916319672458564981237
123456789786291453954873612472568931591732864368149527837614295649325178215987346
123456789876291345945783162691837254534629817782514693458362971269175438317948526
123456789874192365965387142782615493536924817491738256658243971249571638317869524
123456789845739126679218354938564217261873495754192638496325871387941562512687943
123456789865937124479812356756291438241378695938645217694523871387169542512784963
123456789697831245458972316371698452984125637265743198746389521812564973539217864
123456789497138265658279314245367198986521437371894652764983521812645973539712846
123456789976238145584197236795841362241763958368529417617382594439675821852914673
123456789974832165586791234348925617261347958795168342417283596639574821852619473
123456789547198236968327415859741623314862597276539148492685371681273954735914862
123456789567891234948723615274935168316248597859167423692584371481372956735619842
123456789785129463496837521657398214942671835831245697264513978519782346378964152
123456789495783261876192543942518376568379124731264958254631897619827435387945612
123456789695387241874291563731642958548973126962815374256134897419728635387569412
123456789469728351857139642685297134934681275712345968591873426346512897278964513
123456789768193452459872631934517826576289314812364597691738245345621978287945163
123456789748391652659278431812643597574982316936715824491837265365124978287569143
123456789786239415459817362217385694935641827648792153372968541564123978891574236
123456789784932615659718342468297153935164827217583496372849561546321978891675234
123456789587291436964873152619534827732168594845729361398647215456312978271985643
123456789759381462486297153862914537315872694974563821548739216637128945291645378
123456789759183642684792153976345821315278496842619537568937214437821965291564378
123456789467398512895271643736914258251783964948562371682137495574829136319645827
123456789647893512895172463968245371251387946734619258482731695576928134319564827
123456789894271356567839142431592867789364521256718493618943275945127638372685914
123456789896172354547938162254817693789643521631295847418369275965721438372584916
123456789584792631967318425816937254349625178275184396438269517751843962692571843
123456789689327451754981326817594632395762814462813975931675248576248193248139567
123456789845971326697238541781594263259863174436712895568347912912685437374129658
123456789746893251958172346295748163614325978387619524531284697879561432462937815
123456789786193254954827631579214863831679542462385917698741325317562498245938176
123456789645897321879132546768521493234769815591348672357914268986275134412683957
123456789465798321879231564591863472236947815748125693357619248984572136612384957
123456789798123456654798321876531942342869175519247863967385214285914637431672598
123456789798321654456897321519762843362948175874135962947583216285619437631274598
123456789579183426684792513235874961867931254941625378358219647412367895796548132
123456789946728135587139264692517348851364972734892651265943817318275496479681523
123456789549827361768193524976241835432578196815369247354912678681734952297685413
123456789846279315957381642781692453569734821234815967395148276678523194412967538
123456789864972315957183462236518947549637821781294653395861274478325196612749538
123456789497183562865729341259364178386571294741298653678912435914635827532847916
123456789697381542845927361761892453384175296259643178478219635916534827532768914
123456789756839421489172653395264817267581934814397562941625378678913245532748196
123456789754938621689271453816793542247185936395642817961524378478319265532867194
123456789964178325857932416716295834435781962289364157391627548572843691648519273
123456789576938241948712635817643592395127864462589317631295478289374156754861923
123456789758193624496728153634275891879341562512689437967812345281534976345967218
123456789469837512875192364642385971798241653531679248317524896986713425254968137
123456789946817253587293461678921345235684197419735826752349618861572934394168572
123456789457918326869372145398267514542139678716584932974623851281795463635841297
123456789657819324849273165714685932562931478398742516976324851281597643435168297
123456789496783215578192634241635978687941523359827461962518347834279156715364892
123456789694387215578291436359728641487169523261534978942815367836972154715643892
123456789578193264469872135314625897687941352295738641742389516936517428851264973
123456789578391246649278135295837461487169352316524897762983514934715628851642973
123456789768923145945718326697341258452687913831592674516879432374265891289134567
123456789748329165965817324831295476652784913497163258514978632376542891289631547
123456789957318624648279315482935167731864592569127438394781256276593841815642973
123456789957813426468972315549721638731648592682539147396187254274395861815264973
123456789769218354854397261436571892275983416981642573617834925542769138398125647
123456789745298631896317524462581973358972146917643852534869217681724395279135468
123456789976823541485791236817935462394268175652174893268549317531687924749312658
123456789647982315895731462516847293372169854489523671758214936934675128261398547
123456789568917234479328615716294358854673192392185467935741826687532941241869573
123456789684792513759813462912375846468921357375684291547139628231568974896247135
123456789658937412974218563815623974497185326362749158586374291741892635239561847
123456789948317652675928143751632894489175326236849517814793265567284931392561478
123456789964378251587291643796523418352184967418769532671842395845937126239615874
123456789946873251587192463618947532352681947794325618471268395865739124239514876
123456789587391462946287531869532147235174698471869253754928316618743925392615874
123456789587193642964782531671948253235671498849235167756829314418367925392514876
123456789784391526695728143251974368947863251836512974518637492472189635369245817
123456789786193524495827163834215976967348251251679348518734692672981435349562817
123456789659837412847291356315984627984762531762513894438179265571628943296345178
123456789459738612867192354742315896986247531315689427638971245571824963294563178
123456789746189235589237164235874916968321457471695328397518642652943871814762593
123456789764981235589732146671594328948123657235678914397815462452369871816247593
123456789876921354549738126354267891281549637967813245792684513438175962615392478
123456789874129356569837124947318265281965437356742891792684513638571942415293678
123456789597328614864179235352784196976231548418695327635942871289517463741863952
123456789597823416846971235618594327974132568352687194435269871289715643761348952
123456789687192543459378612362741895874529361591863274915637428236984157748215936
123456789495287163687193452236841975748539621519762834362974518951628347874315296
123456789859721634674983521367294815291865473548137962912648357485372196736519248
123456789748129536695873421856341297917582643234697158462738915379215864581964372
123456789687912435459873621241698357538147962976235148365781294814329576792564813
123456789495782361687913245314697528572148693968325417741239856256871934839564172
123456789867139425954278136486513297512987364379642851235764918648391572791825643
123456789847931625956872134379264851512789346684315297235647918468193572791528463
123456789794138625568972431816397254439265817275814396681729543952643178347581962
123456789796831425548279631275618394639542817814793256481927563952364178367185942
123456789576983241849127365761298534492365178358714926935642817617839452284571693
123456789574389261869721345358617924692543178741892536935264817417938652286175493
123456789459387162678912534916723458237548691845169273562894317384671925791235846
123456789659783142478219536865941273237865491914327658542698317386174925791532864
123456789756892143489713265245367918367981452918524376871235694534679821692148537
123456789754298163689317245918625374347189652265743918871532496536974821492861537
123456789497812635865793412354268197286971543971534826542689371718325964639147258
123456789697218435845397612971635824284179563356842197562984371718523946439761258
123456789784921356596738142615273894378649215942815637837564921461392578259187463
123456789786129354594837162962518437378964215415372896837645921641293578259781643
123456789598721634746389215219845376654173928837692541971538462382964157465217893
123456789598127436764983215837294561456371928219568374971835642382649157645712893
123456789567398241498271653689527134271834596345169827712983465954612378836745912
123456789547893261698172453365941827271638594489725136712389645956214378834567912
123456789864279135579831264391745826645182397782693451237964518918527643456318972
123456789846972135579138246782394651465281397391567824237649518918725463654813972
123456789894327561657918423735682914968134275412795638341279856289563147576841392
123456789896723541457819623612597438948631275735284916361972854289345167574168392
123456789685917342749238651852673194976124835431895267397562418214389576568741923
123456789485719362769832451631598247974621835852374196397245618216983574548167923
123456789584379612796182345467925138912843576835617924348561297679238451251794863
123456789586973412794281365835714926912368574647529138368145297479832651251697843
123456789869173425547289163486935217931742856752618394698327541274561938315894672
123456789849371625567982143752814396931267854684539217498723561276145938315698472
123456789956278134847931625712394568634587291598162473465823917379615842281749356
123456789567389241948712536716543928395821467284697153451968372672134895839275614
123456789756398124498712356845937612972165843361824975684573291217649538539281467
123456789684792351597813642469527813712938564835164927978641235346275198251389476
123456789486297351597318462835641927712839546649725813978164235364572198251983674
123456789658729431794138256379281564815364972246597813967812345582643197431975628
123456789458927631796831254264795813815643972379182546947218365582364197631579428
123456789849127536675839241298371654751264893364598172537642918986713425412985367
123456789869721534475938261346895172751642893298173456537264918984317625612589347
123456789856729314479138526248397651937561842561284937794815263682943175315672498
123456789586917243479328651814263975362579418795184362948631527657892134231745896
123456789498127356765839124374298561982561473516374298637942815849715632251683947
123456789758923641694871352519738426387264915462519873941385267875692134236147598
123456789467983215589712643735864921846129537291537468918245376674391852352678194
123456789649781523875932461591827346287364195436519872758693214914275638362148957
123456789764891253895372461657913842419285637382647915541728396976134528238569174
123456789985327416467918235518274693279631548634895172346182957852749361791563824
123456789759283641846791532685912473491375268237648195968124357514837926372569814
123456789675981432849732165381594276564827913297613854438275691952168347716349528
123456789869732145754198632596347821237581496481269573975813264612974358348625917
123456789479831526865729341254967813798143265316582974541378692982615437637294158
123456789679138524845927361314285976798361245256749813561873492982514637437692158
123456789648397251957812634815624973364789125279135846492568317536271498781943562
123456789468793251957218436279531864346987125815624973692845317534172698781369542
123456789859217634674893152315974268742168395968532417537649821481325976296781543
123456789859712436476398152948235617762841395315679248537964821681523974294187563
123456789459817632678239541591368427864572913732194865916783254347625198285941376
123456789659718432478932561732691845846275913591843627914387256367524198285169374
123456789486917325597823614631598247259734861874162953965381472342675198718249536
123456789957283641486197325735841962894672153612539478348715296561924837279368514
123456789675829431984371526796234815352168974841795263568912347417583692239647158
123456789987132645546987123619245378435871296872369451398624517764518932251793864
123456789897321546645987321419732658238569417756814293361295874972648135584173962
123456789856973412497812356549287163268341597371569824912738645785694231634125978
123456789784219653965387241238641975476935128519872364397568412841723596652194837
123456789489713526765982143594378612376241958218569374857694231931827465642135897
123456789586917432479382651862745913357129864941863275234671598615298347798534126
123456789584719632679283451961348275357921846842567913236174598415892367798635124
123456789498273561567918243736845192285139674914762835651397428342681957879524316
123456789698372541547819263916247835285931476734568192451793628362184957879625314
123456789486279513975183462659327841347861925812594376798615234531742698264938157
123456789684972513975381642812695374367148925459723861798514236531267498246839157
123456789648917523795832461271683945369574812854129376416398257987265134532741698
123456789468719523795238641856921374349675812271384965614893257987542136532167498
123456789984217365567839124348965217675142893291783546452391678739628451816574932
123456789986712345547938126291387564475261893368549217652193478739824651814675932
123456789597823461864791325458632917231987654976145832615374298349218576782569143
123456789597328641846197325974561832231789456658234917415673298369812574782945163
123456789967183254485279361218397645679524813354618972591762438742835196836941527
123456789947381256685972341356814972479625813218793465591247638762538194834169527
123456789784239156965187432392618574648572391571394268436825917819743625257961843
123456789475398261869712345654871932381924576297563418538149627942687153716235894
123456789956783214874912356738245961592167438461839527617324895345698172289571643
123456789964873512587129643738264195459731826216598437342685971671942358895317264
123456789946378512587921463214895637659137824738642195362584971471269358895713246
123456789896217543754839621271598364638174952945362178362741895419685237587923416
123456789894712563756938421965243178438671952271895346342167895619584237587329614
123456789674928153985731426356247891719385642842619537491862375537194268268573914
123456789476829153985137624862914537719583462354762891691248375537691248248375916
123456789567918324984273156851794263246531978739862541415629837378145692692387415
123456789547819326986372154739248561264135978851697243615924837378561492492783615
123456789694178325578293416937521864841769532256384197365917248482635971719842653
123456789496871325578392614254683197861947532937125846345719268682534971719268453
123456789487139562965287143249715638851623974376894215514968327638572491792341856
123456789956378412487129653394815267715632894268794135672583941541967328839241576
123456789845279361967813452286347915714985623359162874472691538638524197591738246
123456789867219354954738612289341576416975238735862941572194863648523197391687425
123456789847912356956837412735248961614579238289163574572691843468325197391784625
123456789457891362968372145246785913581639427739214658394568271675123894812947536
123456789657198342948273165739612458581934627264587913396845271475321896812769534
123456789976283415485791623364875192517629348892314567658132974249567831731948256
123456789974382615685197423892613547517924368346578192458231976269745831731869254
123456789759318246684792513975261834468573192312849657546987321837124965291635478
123456789759813264486297513312968457648375192975142836564789321837621945291534678
123456789754918236689237145231785694896124573547693821918362457375841962462579318
123456789756819234489732165567394821894621573231587496918243657375168942642975318
123456789697328415845917236312875964769134852584692371258741693971263548436589127
123456789497823615865719234586294371749631852312578946258167493971342568634985127
123456789948723615765819243572948136394671852681532497856294371239187564417365928
123456789968327415745918263481235697396174852572869134854692371239781546617543928
123456789859713462467298513912674835786325194534189627698542371275831946341967258
123456789859317642647892513536981427784523196912674835498265371275138964361749258
123456789954718632876392145497285316635147928218639457542973861389561274761824593
123456789768293415945817263489375126652148397371629548297561834534982671816734952
123456789496781253758392461375628914814973625269145837542819376931267548687534192
123456789598723461674918523752361948341589672869247135987635214236194857415872396
123456789586729413497183265245698137768231954931574826314962578872345691659817342
123456789649287531785193462892735614517964823436812975951628347378541296264379158
123456789794831256568297413416573892352968147879142635947615328685324971231789564
123456789796138254548792613879261435352849167614375892967514328485623971231987546
123456789765398214894712356638925471957184623241637895312869547576241938489573162
123456789745893216896217354261734895957681423438529671312948567574162938689375142
123456789956178234748932516289367451437521698561894372874615923312749865695283147
123456789954871236768239514541698372637125498289743651876514923312967845495382167
123456789876931452459278316238567941965143827741892563382714695517689234694325178
123456789865793142974812536582931467349675218716248953258167394437589621691324875
123456789974238615865197342649385271318729456752614893537861924281943567496572138
123456789948713256756892413537921648294685137861347592482579361375168924619234875
123456789457819632689237154296374815548162973731598246362785491975641328814923567
123456789657918432489732156731895264568241973294673815342587691975164328816329547
123456789859217364476893521687932415214578693935164872798341256542689137361725948
123456789859712346674398521935641872216875493487239615798163254562984137341527968
123456789468792351795318624687923145341587962952164873534679218879241536216835497
123456789648297351795813426952641873361785942487329165536974218879162534214538697
123456789576982431849371265634297518795168342218534697951623874382749156467815923
123456789574289631869173245218635497795841362436792518951324876382967154647518923
123456789689723145754918623937641258412835967865297314248369571371582496596174832
123456789489327165756819423845792316612538947937164258268943571371285694594671832
123456789485719632976283154812935476657124893349867521294571368561398247738642915
123456789968372514457819263731925846685134972294768351516297438349581627872643195
123456789859237461467819523518693274374582196296174358682345917941728635735961842
123456789597823461684179532279561843416938275835247196358792614941685327762314958
123456789569278431874193625657934812341682957982715364735841296416329578298567143
123456789647189253589732641398561472461927835752348916914675328275893164836214597
123456789795281346846937152679543821582179463314628597968314275451762938237895614
123456789795182364864739152316824597582971643479365821948613275651247938237598416
123456789598371246764829315416735892872964153359182467937618524685247931241593678
123456789598173264746928315359281647872649153614537892937814526485762931261395478
123456789467938215958172643281397564534621978679845321815769432742513896396284157
123456789647839215958271463479568321536124978281793546815947632762315894394682157
123456789856791342794238165412375896978164523365829417687943251531682974249517638
123456789849327615765891423431285976978164352256739148512673894687942531394518267
123456789867913452549872613698741235452639178371285946234597861985164327716328594
123456789659738142784219635365941278978623451412587396597362814231894567846175923
123456789875912436649873215251397864436285971798164523314528697962741358587639142
123456789684971235795382614531697842276548193948123576412735968357869421869214357
123456789486179235795283416968321574274865193531794862612537948357948621849612357
123456789476819532895327416714932865962185347538764291241593678359678124687241953
123456789674918532895723614538647291942581367716239845261395478359874126487162953
123456789694178352587293146816532497475961823239784561968315274741829635352647918
123456789587392416649187523761523948458961372392874651814739265976215834235648197
123456789659718342784293156436987521592134867817562493978325614361849275245671938
123456789548937261769281354471695832382174695956823147894312576615748923237569418
123456789896371524574928631418695273237184965965732418651847392749213856382569147
123456789964873512578192364682317945495628173317549826736285491249731658851964237
123456789695782134478139265856321497934567821712894356267948513349215678581673942
123456789495287136678931245712698354936745821854123697247869513369512478581374962
123456789768219354594378612871594263356782491942163875417825936635947128289631547
123456789748912356596873412962341875354287691871695243617528934435769128289134567
123456789478932156956781234689523471731648592542179368297364815364815927815297643
123456789678239154954187236562971348731864592489325671297643815346518927815792463
123456789769831524584279316215397468647185293938642157871563942356924871492718635
123456789749138526586972314938264157467581293215793648871345962354629871692817435
123456789547389126896721354351298647684175932972643518265934871718562493439817265
123456789567983124894127356972364518486571932351892467245639871718245693639718245
123456789675198423894273156358914267916782345742365918287531694469827531531649872
123456789749382516658197342275914638961873425834265197496738251387521964512649873
123456789486927531759183462592341678648279315317865924875614293961532847234798156
123456789895172643467938251539241867674389125281765394916523478758614932342897516
123456789974821635856379124738512946465987213219643578397268451642135897581794362
123456789765289314948731265872513496456978132391642857634125978289367541517894623
123456789497831265865279431254397816381625947679184523718943652932568174546712398
123456789784913265596278314941765832872341956635829471467132598319584627258697143
123456789694871325578329614746285931831947256952163478417638592285794163369512847
123456789967382514584791236352948167746135928819627345635274891271869453498513672
123456789769128354458739612972513846841672935536894127694385271315267498287941563
123456789764389215589217643872594361945631827631872594317928456458163972296745138
123456789746983215589712463431278596965134827872695341317829654658341972294567138
123456789896721354745839126462318597381975642579264813914683275238597461657142938
123456789894127356765938124579642813381579462642813597916384275238795641457261938
123456789597318462846279135738594621954621378612783954475162893281937546369845217
123456789597813642864972135412387956956124378738695421675241893281739564349568217
123456789586792134497138562234981657765243891918675243642519378371864925859327416
123456789679823451584791263968517342342689175751342698836275914215964837497138526
123456789548297631796138524285364917917825346634719258451672893369581472872943165
123456789496817352758293416649538127231974568875162943582349671964781235317625894
123456789674938152895172346589361427746529813312784965958217634267843591431695278
123456789894273516765981423589732164237164895641598237458629371972315648316847952
123456789496378512857129364271564938645983271389712456732841695968235147514697823
123456789867913542954728631415287396278639415639145827742861953386592174591374268
123456789685279143479831625714698532896325471352714968261587394937142856548963217
123456789485972163679138425352617948894523671716894532241785396937261854568349217
123456789567289413894731256236914578941578362758362941315627894482195637679843125
123456789547982613896137254758243961961875342234619578315724896682591437479368125
123456789478932561596187234759261348612843975384579612247315896931628457865794123
123456789678239541594781236386975412412368975759142368267513894931824657845697123
123456789486937152759218643974621538832579461615384297598762314347195826261843975
123456789854739612976182345712945863468321957395867124287513496549678231631294578
123456789985127436764893152457312698812964573396785214278631945649578321531249867
123456789985721634746398152394587216812649573657213498278134965469875321531962847
123456789845973261679182543381697452794521638256348197968715324512834976437269815
123456789865379241479281563254863197796125438381794652948517326512638974637942815
123456789968173425745829163831945672476231598259768314594687231387512946612394857
123456789846792513957138246485213967731964852269875134694587321378621495512349678
123456789864297513957831264249578136731649852685312947496785321378124695512963478
123456789946783152875219463251948376369175824784362591592834617418697235637521948
123456789876193425459872163987215634362749518541638972298561347634987251715324896
123456789854917263769328145541692378687531492932874651295763814378145926416289537
123456789495783612768192345987315264236849157514627893642978531379561428851234976
123456789984217536657389142839672451576148923241593678418935267365721894792864315
123456789986712534457983162261395478574861923839274651618539247345127896792648315
123456789498732561765891423654218397231975846987364152342189675816527934579643218
123456789698237541745198623987643152231579864456812397362981475814725936579364218
123456789576891342984327516749562138365184927218739654891643275432975861657218493
123456789475198326896327154261985437948731562357642918514269873689573241732814695
123456789657918432894237165461725398289163574375849216932674851548391627716582943
123456789749328615685917243416835927397162854258749136574291368932684571861573492
123456789859712346467893512275381964684529173391674825948237651532168497716945238
123456789876329451549178326764291835938564172251783694692847513385612947417935268
123456789874923651569871324251387496938645172746192835492768513385214967617539248
123456789947328615865971243358714926619283574472569138296847351534192867781635492
123456789967823415845179263672945138419382576358617924294768351536291847781534692
123456789584793162796812435317568294462937851958124376635271948871649523249385617
123456789586397142794218635958621374642739851317845296435172968871964523269583417
123456789756981432984237165275814396691372854438569217542193678369748521817625943
123456789754189632986732145638945217491273856275618394562391478349867521817524963
123456789687329415549178362891762534235941678476583921318695247964217853752834196
123456789487923615569871342674385921235169478891247536318594267946712853752638194
123456789594782361786931452619325874458679213372814695941268537835147926267593148
123456789596287341784139652372618495658974213419523876961842537835761924247395168
123456789948327615576981423461578932289134567735269841317845296852693174694712358
123456789968723415574189623735942861289631547641875932317568294852394176496217358
123456789789312564546798231358921647672843195914567823497285316231679458865134972
123456789789213546564897231916745823472368195358129467697582314231974658845631972
123456789564897231897213654275931468638742915941568372312689547489375126756124893
123456789546798231897312456961845372438267915275139648312984567689573124754621893
123456789654879231879231654741365928296184573538792146382617495917548362465923817
123456789456978231879132456538297164294681573761543928382714695917865342645329817
123456789798321564645789231814265397369174852572893416981547623237618945456932178
123456789798123546465987231572398614349671852816542397981765423237814965654239178
123456789876921543549783162638247915751369428294518637462875391987134256315692874
123456789874129563569387142296815437751943628438762915642578391987631254315294876
123456789698327514754189362576834921942671853381295647415963278269718435837542196
123456789498723516756981342381592467962174853574638921615349278249817635837265194
123456789568973142974128653832591476716834925459762318395217864687345291241689537
123456789548379162976821453659247318714638925832195674395712846487563291261984537
123456789845179623679238154568724391934681572217395468396817245451962837782543916
123456789865971423479832156217593648936184572548627391394718265651249837782365914
123456789948237615567891243394578126812964357756312894685143972279685431431729568
123456789968732415547198263754213896812649357396875124485361972279584631631927548
123456789586791432974328165249587316731964528865213974398675241657142893412839657
123456789584197632976823145845312976731649528269785314398574261457261893612938457
123456789964738125785291634657814392231579468849362571478123956316985247592647813
123456789764819352859273416291368547647125938538794261976531824415982673382647195
123456789975381426648927135814673592597842361362519874436795218289134657751268943
123456789458791362967283514619872435732145896584369271291538647375614928846927153
123456789658197342947382516586943271732561894419278635291835467375614928864729153
123456789867219453954837126695348217748621395312795864586173942239584671471962538
123456789847912653956738124312597846768124395495863217584371962239685471671249538
123456789764398125895127634586271943341689572279534861917842356632715498458963217
123456789746893125895721436279635841361984572584172963917268354432517698658349217
123456789745819236869732514912564873478923651356178942597641328281397465634285197
123456789765918234849237516354871962678329451912645873597164328281793645436582197
123456789576893214948271536617938452284165973359742861762514398835629147491387625
123456789574398216968172534359267841286541973417839652742615398835924167691783425
123456789897123654546987213752398461318645927964712538271534896435869172689271345
123456789897321456564789213946217538318564927752893641271635894635948172489172365
123456789645897231798231456936745812587123694214689573451968327372514968869372145
123456789465798231798132654216984573587321496934567812651849327372615948849273165
123456789756982143489317562214798635837561294695234817941825376578643921362179458
123456789754289163689713542495632817837145296216897435961528374578364921342971658
123456789896127435475398126357612948642985317918743652784561293269834571531279864
123456789894721635675893124918367452462589317357214968786145293249638571531972846
123456789497218653865973412341897265782561934659324178578642391914735826236189547
123456789697812453845379612459623178782145936361798245578264391916537824234981567
123456789496287315758391642315762894842539167967814523684975231271643958539128476
123456789584729361769138425847591632316274958952863174495687213638912547271345896
123456789468739152975812634346298571817345926259167843682974315534681297791523468
123456789547983612986271345269814573354729861718635294635147928472598136891362457
123456789497283615865719342978634521254871963316592874532168497781945236649327158
123456789587329461946871325314268957879543612265197834632914578458732196791685243
123456789958713264476829513264397851781245396395168472542671938637984125819532647
123456789967381425584972163396714852245839671871625934438597216652148397719263548
123456789768239154594178326647581293831924567952763841216847935389615472475392618
123456789748932156596871324952347861831629547467185293214768935389514672675293418
123456789549187326876329514684571932712934658935862471297615843361748295458293167
123456789569781324874923516935248671712639458486175932297514863341867295658392147
123456789475891263698723514812937456537648921964215378741382695289564137356179842
123456789675198243498327516946512378537864921812739654761283495289645137354971862
123456789679832154458791632731928546582647391946315827397564218814273965265189473
123456789479238156658197432964513827582764391731829564397645218816372945245981673
123456789984723156576918423631572894847639215295184367358267941462391578719845632
123456789964287135785931462571328946296174358348569217452693871819745623637812594
123456789568917342947832516612583974784629135359174628436291857275368491891745263
123456789748392516695178423236945871871623945954817362587231694462589137319764258
123456789694178253587923146468517392239864571751392468372649815945281637816735924
123456789587932416649187532476518923392764851815293647954371268238649175761825394
123456789954817362786239541615394278378625914492178653267981435531742896849563127
123456789584791362769382145918567234352149876476823951895274613637915428241638597
123456789496783512785219364519832476648971235372564891234198657967345128851627943
123456789459872631786139245948721563512683974367594128894265317275318496631947852
123456789549781362678329541367294158984135276251867934892543617415672893736918425
123456789854179632976283415469315278781924563235867941347591826512648397698732154
123456789968372145745189263496215837817934652352768491531647928284591376679823514
123456789849317562567829314736941825254683197981275643395164278672598431418732956
123456789659187243748932165961245378382769514475813926597628431834571692216394857
123456789596387142478912356947638215651274938832195674315829467769543821284761593
123456789748912635965387412234791856587623194691548327316275948472839561859164273
123456789684197352597283146815972634439861275276345918358729461941638527762514893
123456789589372416647198523751983264492761835368245197914627358275839641836514972
123456789847392651596817423419568237735124896682739514971685342268943175354271968
123456789768391524495278163982713645546982317317564298834127956279645831651839472
123456789587932461946781532295364817718529346634817295861245973472693158359178624
123456789659781342784392615312968574896574231547123968465217893938645127271839456
123456789847293165695871423231967854769584231584132697972645318456318972318729546
123456789867912435549738216678325194352149867914687352291864573486573921735291648
123456789574983216968127345841392657752861934396745821215639478687214593439578162
123456789974831256586297413217968534458123697639745821791584362862379145345612978
123456789976138254584792613439567821658321497217849536791685342842973165365214978
123456789567398142948721536381967254475132968692845371736289415819574623254613897
123456789547893162968127534492568371675231948381749256734982615819675423256314897
123456789796328145845971623359647812217589436468132597972864351634215978581793264
123456789765398124498721356671284935934675812582139467216943578359867241847512693
123456789745893126698127354582931647936574812471682935214369578359748261867215493
123456789754981362869237415295648173381579246476123958642315897938764521517892634
123456789468971253957382614895237146271645398634198572542813967786529431319764825
123456789597318426468729351235641978816972534749835612384197265951263847672584193
123456789956817342874932165618795234235164897497328516362541978589673421741289653
123456789596187243748293165279348516865971432314562978482735691931624857657819324
123456789874392615569178432398247156756981243241563897912634578437825961685719324
123456789795381426468927153281695347956734812374812695837249561542163978619578234
123456789795183624648729153376218495954637812281594367837962541562341978419875236
123456789964738215875192643596813427318247596247569831452971368681325974739684152
123456789946837215875291463267945831318762594594318627652179348481523976739684152
123456789478329516956178432512937648364582971897614253685241397739865124241793865
123456789678923514954871632897614253346285971512739468485162397739548126261397845
123456789748931625695782413834275961971368542562149378257613894489527136316894257
123456789768139425495287613542961378971843562836572941257314896689725134314698257
123456789659873142874921365742385691918267453536149827497538216385612974261794538
123456789459378162876129345534961827918742653762583491697835214385214976241697538
123456789956871324478923651319284567542637918867519243231768495684395172795142836
123456789478932561965781324291374658534628197786519432647295813312867945859143276
123456789967813524584297361672948153819375246345162978796534812251689437438721695
123456789596781324748329516357294168814637952962815473481972635279563841635148297
123456789594187326768923514942518673816734952357692148681279435279345861435861297
123456789475398162896217534249563817317842956568179243652984371984731625731625498
123456789675893142894712536548971263317268954269345817452689371986137425731524698
123456789789231456546798123871562394634879215952314678318625947265947831497183562
123456789789132654564897123952613478436978215871245396318524967245769831697381542
123456789564897312897321546718563924642789135935214867356948271271635498489172653
123456789546798312897123564935612847462987135718345926354869271271534698689271453
123456789465798231798231654216984573587123496934567812651849327372615948849372165
123456789645897231798132456936745812587321694214689573451968327372514968869273145
123456789897321654546789213964217538318645927752893461271534896435968172689172345
123456789897123456564987213752398641318564927946712538271635894635849172489271365
123456789965781342748923615439217856851639427276845193382574961614392578597168234
123456789945187362768329415274568193851934627639712854382675941416293578597841236
123456789675389142849217356436572891718964523952138467397645218284791635561823974
123456789475983162869712354952831647718649523634275891397564218286197435541328976
123456789954378216786921345839764152265183497417592863342615978578249631691837524
123456789956873214784129365617295843245381697839647152362514978578962431491738526
123456789894712653576983421961248375235671948487395162342569817719824536658137294
123456789896217453574389621687593142235174968941862375362945817719628534458731296
123456789945278631687931452714895326368127594259643817531762948472589163896314275
123456789965872431487139652259364817348721596716598324531247968672985143894613275
123456789568972341749813562916347825352681497487295613891734256234569178675128934
123456789548279361769318542687592413352184697914763825891637254236945178475821936
123456789689327415745891236376948521298175643451632978814269357937584162562713894
123456789489723615765198234651234978298571463374869521816942357937685142542317896
123456789769318452584792613872534961495621378631879245257143896918267534346985127
123456789749813652586297413431978265695124378872635941257361894918742536364589127
123456789594782631768139524642371895351968247879245316917523468285694173436817952
123456789596287431748931526879562314351849267462173895917325648285694173634718952
123456789496783125785291463612875934378964512549132678257648391931527846864319257
123456789694387125785192643569231478378649512412578936257864391931725864846913257
123456789857391642469872315631785294278964153594123867912538476385647921746219538
123456789857193462649278315596321847278649153431587296912835674385764921764912538
123456789864917352795238416476321895382579641519684237658142973937865124241793568
123456789846719352795832614519684237382975461674123895458261973937548126261397548
123456789496871523857239416734528691215967348689314257341792865972685134568143972
123456789694178523857932614489613257215749368736825491361297845972584136548361972
123456789769318542548927631951243867284671395637589124372895416416732958895164273
123456789749813562568729431437985126286174395951362847372598614614237958895641273
123456789785329146469781352842537961351968427697214538938675214214893675576142893
123456789785923164649187352497612538351849627862735941938574216216398475574261893
123456789865792431479381625931264578248579163756138942692845317384917256517623894
123456789845297631679183425754831962268975143931642578492568317386719254517324896
123456789689731452475928136958617324762345891341892567516273948834169275297584613
123456789489137652675829134361298547742563891958714326514372968836941275297685413
123456789458937216697821543975618324836245971214793658742169835561382497389574162
123456789658739214497128563216397458834562971975814326762941835541283697389675142
123456789459871236876923145368745912597182463214639857682594371945317628731268594
123456789659178234874329165216934857597281643348567912482695371965713428731842596
123456789594781326867392154479813562351269847286574913638945271945127638712638495
123456789496873251875129634581294367947635812362718945758961423619342578234587196
123456789695781243478239615261378954384925167759164832847693521936512478512847396
123456789495187263678932415759641832386529147241873956867394521934215678512768394
123456789574289163896317254749531826251648937638792541965874312487123695312965478
123456789576982143894713256438297561251864937769135824945678312687321495312549678
123456789876329451549871326764298135931564872258713694682947513315682947497135268
123456789874923651569178324258317496931645872746892135482769513315284967697531248
123456789967328415845971263358714926619283574472569138296847351531692847784135692
123456789947823615865179243672945138419382576358617924294768351531294867786531492
123456789584793162796218435317562894468937251952184376235671948671849523849325617
123456789586397142794812635952681374648739251317245896235174968471968523869523417
123456789754981632986237145275814396691372854438569217512693478369748521847125963
123456789756189432984732165638945217491273856275618394512394678349867521867521943
123456789589327164746918253638291475291745836475863912967132548852674391314589627
123456789589723146764819253675348912291567834438192675947231568852674391316985427
123456789574829631869371542491537826357682194682194357936745218748213965215968473
123456789576928431849173562482691357357284196691735824934567218768312945215849673
123456789859371642476892135618945273594237816732618594967123458385764921241589367
123456789859173462674298135732814596596732814418569273947321658385647921261985347
123456789546798132798123564261534978435879621987612453652981347314267895879345216
123456789879321564654798213485967132967132458312845697231679845746583921598214376
123456789879132654564897213316524897452789361987613542241368975635971428798245136
123456789475289361869371425617893254548627913392514678231968547986745132754132896
123456789675982341849173625392615478568724913417398256231849567984567132756231894
123456789487239165956718234891567423235941678674382951748695312312874596569123847
123456789687932145954817236476283951235169478891745623768594312312678594549321867
123456789456978123789312456597261834841539267362847915935184672278695341614723598
123456789897213546465987312589361274714529638236748195378695421952174863641832957
123456789645789231978312456451928367386174592297635148832597614714863925569241873
123456789784129653659837124498513267537268941216794835972645318341982576865371492
123456789786921453459738126214697835537842961698315247972564318361289574845173692
123456789597832416864971352481395267635724891279618534958147623342569178716283945
123456789597238614846179352279814536435627891681593247958761423362945178714382965
123456789548397261976182435631948527892571643457263198265739814719824356384615972
123456789568793241974281635657342198892175463431869527245937816719628354386514972
123456789694872531875913642982641357736589214451237968217368495348795126569124873
123456789496278531875319462651732948734985216982164357217843695368597124549621873
123456789658719243794238651842975136936124578571863924267341895419587362385692417
123456789458917263796832451571348926934621578862579134247163895619785342385294617
123456789689372514547189263416238957952741638738695142865924371271863495394517826
123456789489273516567981243738594162952167438614832957845629371271348695396715824
123456789498721536756398412841572693635984127279163845387649251964215378512837964
123456789698127534754893612279341865435689127861275493387964251946512378512738946
123456789478931652695287413769328541314569827582714936951873264837642195246195378
123456789678139452495782613582617934316945827749823561951378246837264195264591378
123456789569278413748913256236745891987132645451689372394821567675394128812567934
123456789549872613768319254651984372987231465234567891396128547475693128812745936
123456789974238615685917342718365924469821573352794168236149857547683291891572436
123456789657918423948327165871265394496731852235894617584672931362149578719583246
123456789958712346746893512365921874472385691891647235617239458534168927289574163
123456789854973621697812345748231596539687214261549837386195472975324168412768953
123456789856379421497218365241965837539784216768132594384591672975623148612847953
123456789956782431748319652417695328389241576562873914831967245675124893294538167
123456789954287631768913452542378916389162574617594328831749265475621893296835147
123456789897123564645897132354618927281974356976532418762341895538769241419285673
123456789897321546465798132974235618281679354356814927742163895538947261619582473
123456789654978231879213546218394675947562318365187492592741863481635927736829154
123456789456879231879312564345781692967245318218693475592167843681534927734928156
123456789894172653567938142615894327389267415742315968958643271471529836236781594
123456789648397512795182463479213856281675394356849127912738645867524931534961278
123456789598723641764918253239647815456831927817592364971284536385169472642375198
123456789674189235895372641457618923936245178281793564342961857718524396569837412
123456789759283461648179235485617392962345817317892654871534926234961578596728143
123456789749382165658917243831245697962738451574169832397624518286591374415873926
123456789486719235795823416571982643934671528862534971258167394319245867647398152
123456789948721365567938142739614528416285937852379614695843271374192856281567493
123456789968127345547839162852973416614582937739614528495368271376291854281745693
123456789586927413974831625892614357461375298735289164248193576659742831317568942
123456789584729613976138425735982146641573298892614357268391574459267831317845962
123456789567189423984273651742961835619538247835742916298317564356894172471625398
123456789547981623986372451835267914419835267762149835298713546354698172671524398
123456789598723641647189325415397862379862514862514973751948236986231457234675198
123456789598327461467981325842615973379248516615793842751869234984132657236574198
123456789978312456654789231342897165865231947719645823531924678286173594497568312
123456789978213654456987231719564823845132967362798145531629478284371596697845312
123456789789132564564789321971564238352978146648213975295847613416325897837691452
123456789789231546546987321468312975352879164971645238295768413614523897837194652
123456789987123564645897312864231957792645138531789426318972645459368271276514893
123456789987321546465798312531987624792564138846132957318279465659843271274615893
123456789749318652856297143614983275598721364372645918967534821285179436431862597
123456789765398412894217563641972835579831624238645197357189246986524371412763958
123456789986723451745198236518264973269375148374819625451687392832941567697532814
123456789457298613986731524812947365369125478745863192274519836538672941691384257
123456789657892413984137526765348192349521678812769345276915834538274961491683257
123456789497832561586791324862374915315689247974215836631527498259148673748963152
123456789697238541584197326976512834315984267842673915431725698259861473768349152
123456789967821354485397162731948625296135847854762913572683491348519276619274538
123456789947128356685793142856247913294531867731869425572384691368915274419672538
123456789568739214947128653451967328872341965639285471295613847784592136316874592
123456789795821463864973152289614537437589621516732894672195348951348276348267915
123456789678293415945187362469312857837549621251768934316975248784621593592834176
123456789478392615965781342251847936837965421649213857314579268786124593592638174
123456789496782153758931642275694318631875294849123576962518437584367921317249865
123456789694287153758139462869321574431578296275694318942815637586743921317962845
123456789948317526576829413237948165659132847481675932365784291812593674794261358
123456789968713524574928613681574932459231867237869145345687291812395476796142358
123456789758192346649837521574281963312569478896374215467913852981725634235648197
123456789758291364469738521894673215312945678576182943647319852981527436235864197
123456789587392416469817325396748251758921643241563897814679532975234168632185974
123456789587293614649718325261345897758129463394867251816974532975632148432581976
123456789957283416684917532391624857468175293572839164816792345739548621245361978
123456789957382614486719532572938146648571293391624857814297365739865421265143978
123456789876293145945178632391827456582634917764519328638745291417982563259361874
123456789874392165965871432746915328582634917391728654438567291617289543259143876
123456789578932416496781325284397561639125847751648293365814972947263158812579634
123456789578239614694187325751864293439521867286793541345618972967342158812975436
123456789476983152958712346567241938284369517319875624632198475845637291791524863
123456789967281534584397612275934168319678245648125397432719856756843921891562473
123456789947182536586793412468521397319874265275639148632917854754368921891245673
123456789674389152958217364319578426286943517547162938432891675865734291791625843
123456789748319625965827314472685193816973452359142867534268971281794536697531248
123456789768913425945728316359261847814379652672584193536842971281697534497135268
123456789975813426468972513586341297347269158291785364754628931632197845819534672
123456789547298163986371254358924617291687435674135928865742391432819576719563842
123456789567892143984173256476531928291784635358629417845267391632918574719345862
123456789975318624648279513291587346367942158584163297756824931432791865819635472
123456789465987123879213465732548691581639274946172538217394856358761942694825317
123456789978231645654978231869325174537184926241769358796842513412593867385617492
123456789789132645645978132462793518537861924891524367918347256376285491254619873
123456789658297143794318256362941578819675324475823691246539817931782465587164932
123456789849217536675398412236941857791685324458732961912873645364529178587164293
123456789459178632687932145948315267365827914712694358534269871276581493891743526
123456789596782341478913562347598216852361974619247835261839457934175628785624193
123456789745198263689723145478632591561974832932815674294587316856341927317269458
123456789765891243489327165932518476541679832678234591296785314854163927317942658
123456789695782314847913265374265198982147653516398472238679541469521837751834926
123456789495287316867319245514893672982761453376542198238974561649125837751638924
123456789687291435549378162861732594734965821952814376315689247276143958498527613
123456789498327615576819423967548132354172896812693574785934261631285947249761358
123456789658179342974832615415693278897524163236718594341287956782965431569341827
123456789458971362976238415234817596897625143615394278361782954782549631549163827
123456789948723165675189423451692837789534612362817954837965241214378596596241378
123456789968327145475981623342718956789635412651294837837549261216873594594162378
123456789498327156576189423982561347754932861631874592847693215365218974219745638
123456789574298613698731245315987462962145378487362951236814597751629834849573126
123456789679821435548397162251978643936145827487263591815639274362714958794582316
123456789478291536965738412659312847784965123231874965897643251312587694546129378
123456789678192534945837612231678945786549123459213867897364251312785496564921378
123456789649738251578912364312587496964321578857649123291873645785164932436295817
123456789469837251578219346857964123946123578312785694291378465785641932634592817
123456789978231465465798321716385942852947136349162857537829614681574293294613578
123456789456897321978321645861275493735948216294163578617584932582739164349612857
123456789978132654456879312691527438742381965835694127384965271517243896269718543
123456789647198325598723641851967432976234518234815976785641293319572864462389157
123456789947182356586397241864523197352971864791648523638214975219765438475839612
123456789685729134497831526812394657934567812756182493368245971579613248241978365
123456789798231465654879123375612948412985376869347251287163594941528637536794812
123456789798132645456978123849763251612589374375214968287341596961825437534697812
123456789645789312879321645258613497431975826796248531914537268387162954562894173
123456789465987312879123465794862531631579824258314697916735248387241956542698173
123456789897132465456789231385297146719643528642815397961374852238561974574928613
123456789897231645654987231462518397719364528385792164941673852238145976576829413
123456789987321546465987231239745168714638925856192473348219657571864392692573814
123456789456978231987231456392845617841627395765193842518764923274319568639582174
123456789789213546645798231497621358268375914351849672816532497934167825572984163
123456789548279136796831245367925418415683927982147563854762391271398654639514872
123456789568972134794138265982761543615384927347529618856247391271893456439615872
123456789675298341498137652759643218831729564246815937967381425312574896584962173
123456789475892361698731452264518937831927546759364218947183625312675894586249173
123456789958721436476398152561832947237549861894617325315964278682173594749285613
123456789769812543485397216651923874974581632238674195847269351316745928592138467
123456789847291365596837421239548617461372598785169243672913854958724136314685972
123456789867192345594738621785941263641273598239865417472319856958627134316584972
123456789457298136896713452615932874948571263372684915261845397784369521539127648
123456789569718423478923651816395247954172368237864915691287534742531896385649172
123456789478932561596817342761295438945183627382764195834521976619378254257649813
123456789489723165675981234851267943392845617746139852268574391934612578517398426
123456789597382614486179523854713296961824375372695841618937452249568137735241968
123456789597283416684971523372594861941628375856317294418739652269845137735162948
123456789586917432479382651862745913357129864941863275634271598215698347798534126
123456789584719632679283451961348275357921846842567913436172598215894367798635124
123456789498273561567918243736845192285139674914762835351697428642381957879524316
123456789698372541547819263916247835285931476734568192351794628462183957879625314
123456789486279513975183462659327841347861925812594376768915234531742698294638157
123456789684972513975381642812695374367148925459723861748519236531267498296834157
123456789648917523795832461271683945369574812854129376416398257982765134537241698
123456789468719523795238641856921374349675812271384965614893257982547136537162498
123456789568379214794128635372914856651287493489563172917632548836745921245891367
123456789548973216796821435689345172451782693372619854917234568834567921265198347
123456789849137265576289134238914576615378942497562813762845391981623457354791628
123456789869731245574982136697245813415873962238619574742568391981324657356197428
123456789745189632689723415572341896498562371316897254967218543851634927234975168
123456789765981432489327615314798256698245371572163894947812563851634927236579148
123456789675982314849731652584697123391825476267314895738269541956148237412573968
123456789475289316869137452247613895391528674586794123738942561954861237612375948
123456789487931652659278341516392874872645913934817265241763598365189427798524136
123456789687139452459872361936718245872564913514293876261347598345981627798625134
123456789695387421487921563561293874738645192942718635256179348314862957879534216
123456789495783621687129543962817435738564192541392876254971368316248957879635214
123456789984732615576198342238914576465273891719685234392861457651347928847529163
123456789986237415574891362719584236645372891238619574392148657451763928867925143
123456789789231645564987312471325968396874251258619473942168537617593824835742196
123456789546978123897321465418235697269784531375619842681592374934167258752843916
123456789978123546465897123716982354394561278582374691637249815259618437841735962
123456789697328541548917326769241835435869217281735694912673458356184972874592163
123456789584972316976183425231598674497621538658347291815234967369715842742869153
